0 1
1 65
2 3
2 6
2 10
2 18
2 34
2 258
2 514
2 1026
3 7
3 11
3 19
3 35
3 67
3 131
3 259
3 515
3 1027
4 5
4 6
4 20
4 36
4 68
4 132
4 260
4 516
4 1028
5 7
5 13
5 21
5 37
5 69
5 133
5 261
5 517
6 7
6 14
6 22
6 38
6 134
6 518
6 1030
7 15
7 23
7 39
7 71
7 135
7 519
7 1031
8 9
8 10
8 72
8 136
8 264
8 520
8 1032
9 11
9 13
9 25
9 41
9 73
9 137
9 265
9 521
9 1033
10 11
10 14
10 26
10 42
10 74
10 138
10 266
10 522
11 43
11 75
11 139
11 267
11 523
11 1035
12 76
13 15
13 29
13 45
13 77
13 141
13 269
13 525
13 1037
14 15
14 30
14 46
14 78
14 142
14 270
14 526
14 1038
15 31
15 47
15 79
15 143
15 527
15 1039
16 17
16 18
16 20
16 24
16 48
16 80
16 144
16 272
16 528
17 19
17 21
17 25
17 49
17 81
17 145
17 273
17 529
17 1041
18 19
18 22
18 26
18 50
18 146
18 274
18 530
18 1042
19 51
19 83
19 147
19 275
19 531
19 1043
20 21
20 28
20 52
20 84
20 148
20 276
20 532
20 1044
21 23
21 29
21 53
21 85
21 149
21 277
21 533
22 23
22 30
22 86
22 150
22 278
22 534
22 1046
23 31
23 87
23 151
23 535
23 1047
24 25
24 26
24 28
24 56
24 88
24 152
24 280
24 536
24 1048
25 29
25 57
25 89
25 153
25 537
25 1049
26 30
26 58
26 90
26 154
26 1050
27 31
27 91
27 155
27 539
28 29
28 30
28 60
28 92
28 156
28 284
28 540
28 1052
29 31
29 61
29 157
29 285
29 541
29 1053
30 31
30 94
30 158
30 286
30 542
30 1054
31 95
31 159
31 287
31 543
31 1055
32 33
32 34
32 36
32 40
32 48
32 96
32 160
32 288
32 544
32 1056
33 35
33 37
33 41
33 49
33 97
33 161
33 289
33 545
33 1057
34 35
34 38
34 50
34 162
34 290
34 546
35 39
35 51
35 99
35 163
35 291
35 547
35 1059
36 37
36 44
36 52
36 100
36 164
36 292
36 548
36 1060
37 39
37 45
37 53
37 165
37 293
37 549
37 1061
38 39
38 46
38 102
38 166
38 294
38 550
38 1062
39 47
39 103
39 167
39 295
39 551
40 41
40 42
40 56
40 104
40 168
40 296
40 552
40 1064
41 43
41 45
41 57
41 105
41 297
42 43
42 46
42 58
42 298
42 554
42 1066
43 47
43 59
43 107
43 171
43 299
43 555
43 1067
44 45
44 46
44 60
44 108
44 172
44 300
44 556
44 1068
45 47
45 61
45 109
45 173
45 557
45 1069
46 47
46 110
46 174
46 302
46 558
46 1070
47 175
47 559
47 1071
48 49
48 50
48 52
48 56
48 176
48 304
48 560
48 1072
49 51
49 57
49 113
49 177
49 305
49 561
50 58
50 114
50 178
50 306
50 562
50 1074
51 55
51 59
51 115
51 179
51 307
51 563
51 1075
52 54
52 60
52 116
52 180
52 308
53 55
53 309
53 565
53 1077
54 55
55 119
55 311
55 1079
56 57
56 58
56 60
56 568
56 1080
57 59
57 121
57 185
58 59
58 122
58 186
58 570
58 1082
59 315
59 571
59 1083
60 61
60 124
60 188
60 316
60 572
60 1084
61 189
62 63
64 66
64 68
64 72
64 80
64 96
64 192
64 320
64 576
64 1088
66 70
66 74
66 82
66 98
66 194
66 322
66 578
66 1090
67 71
67 75
67 83
67 99
67 195
67 323
67 579
67 1091
68 69
68 70
68 84
68 100
68 196
68 1092
69 71
69 77
69 85
69 101
69 197
69 581
69 1093
70 71
70 78
70 86
70 198
70 326
70 582
70 1094
71 87
71 103
71 327
71 583
71 1095
72 73
72 74
72 104
72 328
73 75
73 77
73 89
73 105
74 75
74 78
74 106
74 202
74 330
74 586
74 1098
75 79
75 91
75 107
75 203
75 587
75 1099
77 93
77 109
77 1101
78 79
79 207
79 591
80 81
80 82
80 88
80 208
80 336
80 1104
81 83
81 85
81 89
81 113
81 209
81 337
81 593
81 1105
82 83
82 86
82 90
82 114
82 210
82 338
82 594
82 1106
83 87
83 115
83 1107
84 85
84 86
84 92
84 116
85 87
85 93
85 117
85 1109
86 87
86 94
86 118
86 214
86 598
86 1110
87 95
87 119
87 599
87 1111
88 89
88 90
88 120
88 216
88 344
88 1112
89 91
89 93
89 121
89 217
89 1113
90 91
90 94
90 122
90 218
90 346
90 602
90 1114
91 219
91 347
91 1115
92 93
92 94
92 124
92 348
92 1116
93 95
93 125
93 221
93 349
93 605
93 1117
94 95
94 126
94 1118
95 127
95 223
96 97
96 98
96 100
96 104
96 1120
97 99
97 101
97 105
97 113
97 225
97 353
97 609
97 1121
98 99
98 102
98 106
98 114
98 226
98 610
98 1122
99 107
99 115
100 101
100 102
100 108
100 116
100 228
100 1124
101 229
101 357
101 613
102 118
102 230
102 614
103 119
103 615
104 106
104 108
104 120
104 232
104 360
104 616
104 1128
105 107
105 109
105 121
105 233
105 361
105 617
105 1129
106 107
106 122
106 234
106 1130
107 111
107 235
107 363
107 619
107 1131
108 109
108 110
108 124
108 236
108 364
108 620
108 1132
109 111
109 125
109 621
109 1133
110 126
110 366
110 1134
111 1135
112 624
113 115
113 241
113 369
113 625
113 1137
114 115
114 118
114 626
114 1138
115 119
115 371
115 627
115 1139
116 117
116 118
116 124
116 244
116 372
116 628
116 1140
117 119
117 125
117 245
117 373
117 1141
118 126
118 246
118 374
118 630
118 1142
119 127
119 247
119 375
119 631
119 1143
120 121
120 124
120 632
120 1144
121 125
121 249
121 377
122 126
122 1146
123 635
124 125
124 252
124 380
124 636
124 1148
125 127
125 253
125 381
125 637
125 1149
126 127
126 254
126 382
126 638
126 1150
127 255
127 383
127 639
128 129
128 130
128 132
128 136
128 144
128 160
128 192
128 384
128 640
128 1152
129 131
129 133
129 137
129 145
129 161
129 193
129 385
129 641
129 1153
130 134
130 138
130 146
130 386
130 642
130 1154
131 135
131 139
131 147
131 163
131 195
131 387
131 643
131 1155
132 133
132 140
132 148
132 164
132 196
132 388
132 644
133 135
133 149
133 165
133 197
133 389
133 645
133 1157
134 135
134 142
134 150
134 166
134 198
134 390
134 646
134 1158
135 143
135 151
135 167
135 647
135 1159
136 138
136 140
136 152
136 168
136 200
136 392
136 648
136 1160
137 141
137 153
137 201
137 1161
138 139
138 170
138 202
138 394
138 650
138 1162
139 143
139 155
139 171
139 203
139 1163
140 141
140 142
140 156
140 172
140 204
140 396
140 652
140 1164
141 143
141 157
141 173
141 205
141 397
141 653
141 1165
142 143
142 158
142 174
142 206
142 398
142 654
142 1166
143 159
143 175
143 207
143 399
143 655
144 145
144 146
144 148
144 176
144 400
144 656
144 1168
145 177
145 209
146 147
146 150
146 154
146 178
146 402
146 658
146 1170
147 151
147 155
147 179
147 403
147 659
147 1171
148 149
148 150
148 180
148 212
148 404
148 660
148 1172
149 151
149 157
149 181
149 213
149 1173
150 182
150 662
150 1174
151 159
151 183
152 153
152 154
152 156
152 184
152 216
152 408
152 664
152 1176
153 155
153 157
153 185
153 217
153 665
153 1177
154 155
154 158
154 186
154 218
154 410
154 666
155 159
155 187
155 411
155 667
155 1179
156 157
156 158
156 188
156 220
156 412
156 668
156 1180
157 159
157 189
157 413
157 1181
158 159
158 190
158 414
158 670
158 1182
159 191
159 223
159 415
159 1183
160 161
160 162
160 164
160 168
160 176
160 224
160 416
160 1184
161 163
161 165
161 177
161 1185
162 163
162 166
162 170
162 178
162 226
162 418
162 674
162 1186
163 171
163 179
163 675
163 1187
164 165
164 166
164 172
164 180
164 228
164 420
164 676
165 167
165 181
165 229
165 677
165 1189
166 167
166 174
166 182
166 230
166 678
166 1190
167 175
167 231
167 679
167 1191
168 170
168 172
168 184
168 232
168 424
168 680
168 1192
169 171
169 185
169 233
169 425
169 681
169 1193
170 171
170 174
170 186
170 234
170 426
170 682
171 175
171 187
171 235
171 427
171 1195
172 173
172 174
172 188
172 236
172 684
172 1196
173 175
173 189
173 685
173 1197
174 175
174 190
174 686
174 1198
175 191
175 687
175 1199
176 177
176 178
176 180
176 184
176 240
176 688
176 1200
177 179
177 181
177 241
177 433
177 689
177 1201
178 179
178 182
178 186
178 434
178 690
178 1202
179 183
179 187
179 435
179 691
179 1203
180 181
180 244
180 436
180 692
180 1204
181 183
181 189
181 245
181 437
181 693
182 183
182 246
182 438
182 694
182 1206
183 191
183 439
183 695
183 1207
184 185
184 186
184 188
184 1208
185 187
185 189
185 249
185 441
185 697
185 1209
186 187
186 190
186 1210
187 699
187 1211
188 189
188 252
188 444
188 700
188 1212
189 191
189 253
189 701
189 1213
190 191
190 254
190 446
190 702
190 1214
191 255
191 447
191 703
191 1215
192 193
192 194
192 196
192 200
192 208
192 224
192 448
192 704
192 1216
193 195
193 197
193 209
193 225
193 449
193 705
193 1217
194 195
194 198
194 202
194 210
194 226
194 450
194 706
194 1218
195 211
195 227
195 451
196 197
196 198
196 204
196 212
196 452
196 708
196 1220
197 205
197 213
197 1221
198 710
198 1222
199 215
200 201
200 202
200 204
200 216
200 232
201 203
201 205
201 217
201 233
201 457
201 713
201 1225
202 203
202 234
203 207
203 219
203 235
203 459
203 715
203 1227
204 205
204 236
204 716
205 221
205 717
205 1229
206 222
206 238
207 223
207 719
207 1231
208 209
208 210
208 212
208 216
208 240
208 464
208 720
208 1232
209 1233
210 214
210 218
211 219
211 1235
212 213
212 214
212 1236
213 221
214 246
214 470
214 726
214 1238
216 217
216 218
216 220
216 728
216 1240
217 219
217 221
217 249
217 473
217 1241
218 219
218 222
219 223
219 251
219 475
219 731
219 1243
220 221
220 476
220 732
220 1244
221 223
221 253
222 223
222 1246
223 1247
224 226
224 228
224 240
224 736
224 1248
225 233
225 241
225 481
225 737
226 227
226 230
226 738
226 1250
227 231
227 235
227 483
227 1251
228 229
228 230
228 236
228 244
228 484
228 740
228 1252
229 231
229 245
230 231
230 238
230 742
230 1254
231 743
232 234
232 488
233 235
233 249
233 489
233 745
234 238
234 1258
235 747
235 1259
236 252
236 1260
237 239
237 493
239 751
240 241
240 244
241 249
241 497
241 753
241 1265
242 243
244 245
244 246
244 252
245 1269
246 254
246 1270
247 1271
248 250
248 504
249 251
249 505
249 761
249 1273
250 762
251 1275
252 253
252 254
252 764
252 1276
253 255
253 1277
254 255
254 510
254 766
255 767
255 1279
256 257
256 258
256 260
256 264
256 288
256 320
256 384
256 768
256 1280
257 259
257 261
257 265
257 273
257 289
257 321
257 385
257 1281
258 266
258 274
258 322
258 386
258 770
258 1282
259 387
259 771
260 261
260 268
260 292
260 388
260 772
260 1284
261 269
261 277
261 293
261 325
261 389
261 773
261 1285
262 263
264 265
264 266
264 268
264 280
264 296
264 392
264 776
264 1288
265 267
265 297
265 329
265 1289
266 270
266 298
266 330
266 394
266 778
266 1290
267 299
267 331
267 779
268 269
268 270
268 284
268 300
268 332
268 396
268 1292
269 285
269 397
270 286
270 302
270 334
270 398
270 782
270 1294
271 303
272 273
272 274
272 276
272 280
272 304
272 336
272 400
272 784
272 1296
273 275
273 305
273 337
273 785
273 1297
274 278
274 306
274 338
274 402
274 786
274 1298
275 283
275 307
275 403
275 787
275 1299
276 277
276 278
276 284
276 308
276 340
276 404
276 788
276 1300
277 309
277 341
277 789
277 1301
278 286
278 310
278 342
278 790
279 311
280 281
280 284
280 792
280 1304
281 283
282 314
283 287
283 315
283 411
283 795
283 1307
284 285
284 286
284 316
284 348
284 796
284 1308
285 287
285 349
285 413
285 797
285 1309
286 287
286 318
286 414
286 798
286 1310
287 319
287 351
287 415
287 799
287 1311
288 289
288 290
288 296
288 304
288 352
288 416
288 800
288 1312
289 291
289 293
289 297
289 305
289 801
289 1313
290 291
290 294
290 298
290 306
290 354
290 418
290 802
290 1314
291 295
291 299
291 307
292 293
292 294
292 300
292 308
292 356
292 420
292 804
292 1316
293 295
293 309
293 357
293 805
293 1317
294 295
294 302
294 310
294 1318
295 311
295 807
295 1319
296 298
296 300
296 360
296 424
296 808
296 1320
297 299
297 313
297 361
297 425
297 1321
298 299
298 302
298 362
298 426
298 810
298 1322
299 315
299 363
299 427
299 811
299 1323
300 302
300 316
300 364
300 812
300 1324
301 303
301 317
302 318
302 814
302 1326
303 367
303 431
303 815
304 305
304 306
304 308
304 816
304 1328
305 307
305 369
305 433
305 817
305 1329
306 307
306 310
306 370
306 434
306 818
306 1330
307 315
307 371
307 435
307 819
307 1331
308 309
308 316
308 372
308 436
308 820
308 1332
309 311
309 373
309 437
309 821
309 1333
310 374
310 438
310 822
310 1334
311 319
311 375
311 439
311 823
311 1335
312 314
313 315
313 377
313 441
314 378
314 442
314 826
315 319
315 379
315 443
315 827
315 1339
316 318
316 444
316 1340
318 319
318 382
318 446
318 830
318 1342
319 383
319 447
319 831
319 1343
320 321
320 322
320 328
320 832
320 1344
321 323
321 325
321 337
321 353
321 449
321 833
321 1345
322 323
322 326
322 330
322 354
322 450
322 834
322 1346
323 327
323 331
323 451
324 325
324 326
324 332
324 340
324 356
324 452
324 1348
325 327
325 333
325 341
325 357
325 453
325 837
326 327
326 334
326 342
326 358
326 454
327 335
327 343
327 839
328 329
328 330
328 332
328 344
328 360
328 456
328 840
328 1352
329 331
329 333
329 345
329 361
329 457
329 841
329 1353
330 331
330 334
330 346
330 1354
331 335
331 347
331 363
331 843
331 1355
332 333
332 334
332 348
332 364
332 844
333 335
333 349
333 845
334 335
334 350
334 366
335 351
335 847
335 1359
336 337
336 338
336 340
336 344
336 368
336 464
336 1360
337 339
337 341
337 369
337 1361
338 339
338 342
338 346
338 370
338 466
338 850
338 1362
339 343
339 347
339 371
339 851
339 1363
340 341
340 342
340 348
341 349
341 373
341 1365
342 343
342 350
342 374
342 854
342 1366
343 375
343 471
343 855
343 1367
344 345
344 346
344 348
344 856
345 347
345 377
345 857
346 347
346 350
346 858
346 1370
347 351
347 379
347 475
347 859
348 349
348 350
348 476
348 860
348 1372
349 351
349 381
349 861
350 351
350 382
350 478
350 862
352 353
352 368
352 1376
354 866
354 1378
355 359
357 373
357 1381
358 366
358 870
360 361
360 488
360 872
360 1384
361 377
361 489
362 363
362 366
362 1386
363 1387
364 366
365 367
365 493
366 878
367 879
368 370
368 1392
369 373
369 377
369 497
369 881
370 882
370 1394
371 375
372 373
372 374
372 884
372 1396
373 375
373 1397
374 375
374 382
374 502
374 1398
375 1399
376 378
376 504
377 381
377 505
378 890
379 507
380 381
380 382
380 892
381 893
382 1406
384 385
384 386
384 388
384 392
384 416
384 448
385 387
385 449
386 387
386 394
386 402
386 898
386 1410
387 391
387 395
387 403
387 451
387 899
388 389
388 390
388 396
388 404
388 420
388 452
388 900
388 1412
389 391
389 397
389 453
389 1413
390 391
390 454
390 902
391 399
392 394
392 396
392 456
392 904
392 1416
393 409
394 395
394 398
394 410
394 458
394 906
394 1418
395 399
395 459
396 397
396 398
396 908
396 1420
397 399
397 909
398 399
398 414
398 910
399 415
399 463
399 911
399 1423
400 404
400 464
400 1424
401 405
402 403
402 406
402 410
402 434
402 914
403 407
403 467
403 1427
404 436
404 916
406 407
406 414
406 470
407 415
407 439
407 471
407 919
407 1431
408 412
408 920
410 411
410 414
410 922
410 1434
411 415
411 443
411 475
411 1435
412 413
413 415
413 445
413 925
414 415
414 446
414 478
414 926
414 1438
415 447
415 927
416 1440
417 419
418 426
418 434
418 930
418 1442
420 436
420 484
420 932
420 1444
421 485
422 423
424 425
424 426
424 428
424 488
424 936
424 1448
425 427
425 441
425 489
426 430
427 491
427 939
427 1451
428 430
429 493
430 942
432 496
433 437
433 441
433 497
433 945
434 435
434 946
434 1458
435 439
435 443
435 499
435 947
435 1459
436 437
436 444
436 948
436 1460
437 439
439 447
439 951
439 1463
440 504
441 443
441 445
441 505
441 1465
443 447
443 955
443 1467
444 445
444 446
444 956
444 1468
445 447
446 510
447 959
447 1471
448 449
448 452
448 464
448 480
448 960
450 451
450 466
450 1474
451 459
451 963
452 454
452 468
453 1477
454 455
454 470
454 1478
455 463
455 471
456 457
456 488
457 459
457 489
458 459
459 463
459 475
459 491
459 971
459 1483
460 462
461 493
464 1488
465 469
466 470
466 474
466 978
467 471
467 499
467 979
467 1491
468 470
468 476
468 500
468 1492
470 471
470 478
470 502
470 982
470 1494
471 1495
472 504
473 505
474 475
475 507
476 478
476 1500
477 479
478 510
478 990
478 1502
480 488
481 489
481 1505
482 498
484 996
485 493
486 487
487 495
488 489
488 1512
489 491
489 505
489 1001
489 1513
490 494
490 1002
492 493
492 508
493 495
493 509
493 1005
493 1517
495 1007
496 504
497 505
498 506
499 507
501 1013
503 511
504 506
504 1016
504 1528
505 507
506 1018
508 509
512 513
512 514
512 516
512 520
512 528
512 544
512 576
512 768
512 1536
513 517
513 521
513 529
513 545
513 577
513 641
513 1537
514 515
514 522
514 546
514 770
514 1538
515 519
515 531
515 547
515 579
515 771
515 1539
516 517
516 518
516 524
516 532
516 548
516 644
516 1540
517 519
517 533
517 549
517 581
517 645
517 773
517 1541
518 519
518 534
518 550
518 582
518 646
518 774
518 1542
519 527
519 535
519 551
519 583
519 775
520 521
520 522
520 524
520 552
520 1544
521 523
521 525
521 585
521 1545
522 526
522 538
522 554
522 586
522 650
522 778
522 1546
523 527
523 555
523 587
523 651
523 779
523 1547
524 525
524 540
524 556
524 588
524 652
524 1548
525 527
525 541
525 557
525 653
525 1549
526 527
526 542
526 558
526 590
526 782
526 1550
527 591
527 783
527 1551
528 529
528 530
528 532
528 560
528 656
528 784
528 1552
529 531
529 533
529 561
529 593
529 657
529 785
529 1553
530 531
530 534
530 538
530 562
530 594
530 786
531 535
531 539
531 563
531 659
531 1555
532 533
532 534
532 788
532 1556
533 535
533 565
533 661
533 789
533 1557
534 535
534 542
534 566
534 662
534 790
535 543
535 567
535 791
536 537
536 538
536 540
536 568
536 600
536 664
536 792
536 1560
537 539
537 1561
538 539
538 602
538 794
538 1562
539 543
539 571
539 603
539 667
539 795
539 1563
540 541
540 542
540 572
540 604
540 668
540 796
540 1564
541 573
541 605
541 1565
542 574
542 606
542 670
542 798
543 1567
544 545
544 548
544 552
544 560
544 608
544 672
544 800
544 1568
545 547
545 549
545 561
545 609
545 673
545 801
546 547
546 550
546 562
546 610
546 674
546 802
546 1570
547 551
547 563
547 611
547 675
547 803
548 549
548 556
548 564
548 612
548 676
548 804
548 1572
549 551
549 557
549 613
549 677
549 805
549 1573
550 558
550 566
550 614
550 678
550 806
550 1574
551 559
551 567
551 615
551 679
551 807
551 1575
552 554
552 556
552 616
552 680
552 808
553 569
554 555
554 558
554 570
554 618
554 682
554 810
554 1578
555 559
555 571
555 619
555 683
555 811
556 557
556 558
556 572
556 620
556 684
556 812
557 559
557 573
557 685
557 1581
558 559
558 574
558 622
558 686
558 814
558 1582
559 687
560 561
560 562
560 568
560 688
560 816
560 1584
561 563
561 565
561 625
561 689
561 1585
562 563
562 566
562 570
562 818
562 1586
563 567
563 571
563 627
563 1587
564 565
564 566
564 692
564 820
565 567
565 573
565 629
565 693
565 821
565 1589
566 567
566 630
566 694
566 822
566 1590
567 575
567 631
567 695
567 823
567 1591
568 570
568 572
568 696
568 824
568 1592
569 825
570 574
571 575
571 827
571 1595
572 573
572 574
572 636
572 700
572 828
572 1596
573 575
573 701
574 575
574 638
574 702
574 830
574 1598
575 639
575 703
575 831
575 1599
576 577
576 578
576 832
577 579
577 581
577 593
577 609
577 705
577 833
577 1601
578 579
578 582
578 586
578 594
578 610
578 706
578 834
578 1602
579 583
579 595
579 611
579 707
580 836
581 583
581 589
581 837
581 1605
582 583
582 590
582 710
582 838
583 591
583 599
583 711
583 839
583 1607
584 585
584 586
584 588
584 600
584 616
585 587
585 589
585 601
585 617
585 713
585 841
585 1609
586 587
586 602
586 1610
587 591
588 589
588 590
588 604
588 716
589 621
589 717
590 591
590 606
590 622
590 718
590 846
590 1614
591 719
591 1615
592 594
592 1616
593 597
593 625
593 849
593 1617
594 595
594 598
594 602
594 722
594 850
594 1618
595 599
595 603
595 851
595 1619
596 724
597 1621
598 599
598 726
598 854
598 1622
600 601
600 602
600 604
600 632
600 856
600 1624
601 633
601 857
601 1625
602 1626
604 605
604 606
604 636
604 1628
606 1630
607 735
608 609
608 1632
610 611
610 866
610 1634
611 615
611 627
611 1635
612 868
613 615
613 621
613 629
613 741
614 615
614 630
614 1638
615 631
615 743
615 871
615 1639
616 617
616 618
616 620
616 632
617 619
617 621
617 633
617 1641
618 619
618 622
618 1642
619 747
619 1643
620 622
621 877
621 1645
622 878
622 1646
623 879
625 627
625 629
625 633
625 753
625 881
625 1649
626 627
626 630
626 754
626 882
626 1650
627 631
628 629
628 636
628 1652
629 637
630 631
630 638
630 1654
631 639
632 633
632 636
632 760
632 1656
633 761
633 1657
634 635
634 890
636 638
636 764
636 892
636 1660
637 639
637 893
638 639
638 1662
639 767
639 1663
640 641
640 642
640 644
640 648
640 656
640 672
640 704
640 896
640 1664
641 643
641 673
641 705
642 643
642 650
642 674
642 706
642 898
642 1666
643 647
643 651
643 659
643 675
643 707
643 899
643 1667
644 645
644 646
644 652
644 660
644 676
644 708
644 900
644 1668
645 647
645 677
645 1669
646 647
646 902
646 1670
647 655
647 663
647 679
647 711
647 903
647 1671
648 652
648 664
648 712
649 665
649 713
650 654
650 682
650 906
651 655
651 683
651 715
652 653
652 654
652 684
652 716
652 908
652 1676
653 909
654 655
654 670
654 686
654 718
654 910
654 1678
655 911
656 658
656 1680
657 1681
658 659
658 662
658 666
658 690
658 722
658 914
658 1682
659 691
659 1683
660 661
660 662
660 668
661 693
661 917
662 663
662 670
662 694
662 726
662 918
662 1686
664 665
664 666
664 920
664 1688
665 697
665 921
665 1689
666 667
666 670
667 699
667 1691
668 670
668 732
668 924
668 1692
669 671
670 702
670 926
670 1694
672 673
672 674
672 676
672 680
672 688
672 736
672 928
672 1696
673 689
673 929
673 1697
674 678
674 682
674 738
674 930
674 1698
675 683
675 739
675 931
676 678
676 684
676 692
676 932
676 1700
677 679
677 741
678 679
678 686
678 694
678 742
678 934
678 1702
679 687
679 695
679 743
679 935
679 1703
680 682
680 696
680 936
681 683
681 685
681 697
681 937
682 683
682 686
683 687
683 699
683 747
683 939
683 1707
684 700
684 748
684 940
685 687
685 701
685 749
685 941
686 687
686 750
686 942
687 703
688 690
688 752
689 691
689 693
689 753
689 1713
690 691
690 694
690 754
690 946
690 1714
691 695
691 947
691 1715
692 693
692 700
694 695
694 702
695 703
695 951
696 697
696 700
696 760
696 952
696 1720
697 701
697 761
697 1721
698 1722
699 703
699 955
700 701
700 702
700 764
700 956
700 1724
701 703
703 959
704 708
704 736
706 710
706 722
706 962
706 1730
707 711
707 715
707 739
707 963
708 710
708 716
708 964
709 1733
710 711
710 718
710 726
710 742
710 966
710 1734
711 719
711 727
711 743
711 1735
712 713
712 716
712 728
713 715
713 717
714 970
715 747
716 732
716 972
717 719
718 719
718 974
720 728
720 1744
721 723
722 726
722 978
722 1746
725 981
726 982
729 733
730 734
732 764
732 1756
736 738
736 740
737 753
738 754
739 743
741 1765
742 1766
744 748
744 1768
745 1769
746 1002
748 764
751 1007
752 1776
754 1778
755 759
756 1780
757 765
757 1013
758 759
760 1784
761 1785
762 763
762 1018
764 1788
768 769
768 772
768 784
768 832
769 771
769 773
769 777
769 785
769 801
769 833
769 897
769 1793
770 774
770 786
770 802
770 834
770 898
771 775
771 779
771 787
772 773
772 774
772 780
772 900
773 775
773 781
773 789
773 805
773 837
773 1797
774 775
774 790
774 806
775 783
775 807
775 839
775 903
775 1799
776 777
776 778
776 780
777 779
777 781
778 779
778 782
778 794
778 842
779 795
779 811
779 843
779 907
779 1803
780 781
780 782
780 796
780 812
780 844
780 908
780 1804
781 783
781 813
781 1805
782 783
782 798
782 814
783 799
783 847
783 911
783 1807
784 785
784 786
784 792
784 816
784 1808
785 787
785 789
785 849
785 1809
786 787
786 794
786 818
786 850
786 914
786 1810
787 791
787 795
787 851
788 789
788 790
788 852
789 791
789 853
789 917
790 791
790 798
790 822
790 854
790 918
790 1814
791 799
791 823
791 855
791 919
791 1815
792 796
792 856
792 920
792 1816
793 825
794 795
794 798
794 1818
795 859
796 797
796 798
796 860
796 924
797 799
797 925
798 799
798 830
798 862
798 926
798 1822
799 831
800 801
800 802
800 928
801 805
802 806
802 810
802 818
802 866
802 930
802 1826
803 807
804 932
805 807
805 813
805 1829
806 814
806 934
807 823
807 871
807 935
808 810
808 872
808 936
808 1832
809 825
810 811
810 814
810 1834
811 939
812 813
812 814
813 1837
814 830
814 878
814 942
815 943
816 817
816 818
816 824
817 881
817 1841
818 819
818 822
818 882
818 946
819 947
819 1843
820 821
820 948
821 1845
822 823
822 830
822 886
823 1847
824 952
824 1848
825 829
826 954
828 892
828 1852
830 831
831 959
832 833
833 841
833 849
834 850
835 867
837 839
837 845
837 853
839 855
839 871
840 841
840 844
840 856
840 872
841 845
841 873
842 858
842 1866
843 847
843 859
844 845
844 860
844 972
845 861
846 878
846 974
847 863
848 849
849 851
849 853
849 881
850 851
850 854
850 858
850 978
851 859
851 883
852 884
853 855
853 861
853 1877
854 855
854 982
855 863
856 888
857 859
857 861
859 1883
860 861
860 862
860 892
861 863
861 893
861 989
862 863
864 880
865 867
866 882
868 884
868 996
869 1893
870 878
872 873
872 888
872 1896
873 877
874 1002
875 891
876 878
878 1902
879 1007
880 1904
881 883
882 883
884 892
885 1013
887 1015
889 891
890 891
890 1018
891 1915
892 893
893 1021
894 895
896 898
896 900
896 1920
897 929
898 899
898 914
899 903
899 907
899 931
899 963
900 902
900 908
900 916
900 932
900 964
900 1924
901 965
902 903
902 934
902 1926
903 911
903 919
903 935
903 967
904 908
904 920
905 969
906 922
907 911
907 939
907 971
908 909
908 924
908 940
908 972
909 911
909 925
909 941
910 911
910 926
910 974
911 927
911 1935
912 976
913 915
914 918
914 978
916 918
917 919
917 925
918 926
918 982
919 951
920 921
920 922
920 924
920 952
920 1944
921 925
921 1945
922 1946
923 987
924 925
924 926
924 1948
925 989
927 959
928 930
928 932
928 936
928 1952
929 931
929 937
930 931
930 934
930 946
931 939
931 947
932 934
932 940
932 996
933 941
934 935
934 942
936 940
936 952
937 939
937 941
938 1002
939 955
939 1963
940 941
940 942
943 1007
944 952
944 1968
945 1969
947 1971
948 1012
949 1013
950 958
950 1974
951 1975
952 956
953 957
954 1018
955 959
958 1982
960 1984
961 965
961 969
961 1985
962 963
962 966
962 978
962 1986
963 967
963 971
964 966
964 972
965 973
966 967
966 974
966 1990
968 969
969 973
969 985
969 1993
970 1002
971 1995
972 974
974 1998
975 991
975 1007
980 988
981 983
981 1013
982 2006
984 2008
985 987
986 987
986 1018
989 1021
989 2013
992 993
993 1009
994 1002
995 999
996 1012
996 2020
997 1013
998 1014
999 1007
999 1015
1000 1002
1002 1003
1002 1006
1002 2026
1004 1020
1005 1007
1007 1023
1007 2031
1008 1009
1010 1018
1011 2035
1013 2037
1016 1017
1016 1018
1016 1020
1017 1019
1018 1019
1018 1022
1018 2042
1022 2046
1023 2047
1024 1025
1024 1026
1024 1028
1024 1032
1024 1056
1024 1088
1024 1152
1024 1280
1024 1536
1025 1027
1025 1033
1025 1041
1025 1057
1025 1089
1025 1153
1025 1281
1025 1537
1026 1027
1026 1030
1026 1034
1026 1042
1026 1090
1026 1282
1026 1538
1027 1035
1027 1059
1027 1091
1027 1155
1027 1283
1027 1539
1028 1036
1028 1044
1028 1060
1028 1092
1028 1156
1028 1284
1028 1540
1029 1045
1030 1038
1030 1046
1030 1062
1030 1094
1030 1158
1030 1286
1030 1542
1031 1039
1031 1047
1031 1063
1031 1095
1031 1159
1031 1287
1032 1033
1032 1034
1032 1036
1032 1064
1032 1096
1032 1288
1032 1544
1033 1035
1033 1037
1033 1065
1033 1097
1033 1161
1033 1289
1033 1545
1034 1035
1034 1038
1035 1039
1035 1067
1035 1163
1035 1291
1035 1547
1036 1037
1036 1038
1036 1052
1036 1068
1036 1100
1036 1164
1036 1292
1036 1548
1037 1039
1037 1053
1037 1069
1037 1101
1037 1165
1037 1293
1037 1549
1038 1070
1038 1102
1038 1166
1038 1294
1038 1550
1039 1055
1039 1071
1039 1103
1039 1167
1039 1295
1039 1551
1040 1041
1040 1044
1041 1043
1041 1049
1041 1073
1041 1105
1041 1169
1041 1297
1041 1553
1042 1043
1042 1046
1042 1050
1042 1074
1042 1106
1042 1170
1042 1298
1043 1047
1043 1051
1043 1075
1043 1107
1043 1171
1043 1299
1043 1555
1044 1046
1044 1052
1044 1076
1044 1108
1044 1172
1044 1300
1044 1556
1046 1047
1046 1054
1046 1078
1046 1110
1046 1174
1046 1302
1047 1055
1047 1079
1047 1111
1047 1175
1047 1303
1047 1559
1048 1049
1048 1050
1048 1080
1048 1112
1048 1176
1048 1304
1048 1560
1049 1051
1049 1053
1049 1081
1049 1113
1049 1177
1049 1305
1049 1561
1050 1051
1050 1054
1050 1082
1050 1114
1050 1178
1050 1306
1050 1562
1051 1055
1051 1083
1051 1307
1052 1053
1052 1054
1052 1084
1052 1116
1052 1180
1052 1308
1052 1564
1053 1055
1053 1085
1053 1117
1053 1181
1053 1309
1053 1565
1054 1086
1054 1118
1054 1182
1054 1310
1054 1566
1055 1087
1055 1119
1055 1183
1055 1311
1055 1567
1056 1057
1056 1058
1056 1060
1056 1064
1056 1120
1056 1184
1056 1312
1056 1568
1057 1059
1057 1061
1057 1065
1057 1073
1057 1121
1057 1185
1057 1313
1058 1059
1058 1062
1058 1066
1058 1074
1058 1314
1058 1570
1059 1063
1059 1075
1059 1123
1059 1187
1059 1315
1059 1571
1060 1068
1060 1076
1060 1188
1060 1316
1060 1572
1061 1063
1061 1069
1061 1077
1061 1125
1061 1189
1061 1317
1061 1573
1062 1063
1062 1070
1062 1126
1062 1190
1062 1318
1062 1574
1063 1071
1063 1079
1063 1127
1063 1191
1063 1319
1063 1575
1064 1065
1064 1068
1064 1080
1064 1128
1064 1192
1064 1320
1064 1576
1065 1067
1065 1069
1065 1081
1066 1067
1066 1070
1066 1082
1066 1130
1066 1194
1066 1578
1067 1071
1067 1083
1067 1131
1067 1195
1067 1323
1067 1579
1068 1069
1068 1070
1068 1084
1068 1132
1068 1196
1068 1324
1069 1071
1070 1071
1070 1086
1070 1134
1070 1198
1070 1326
1070 1582
1071 1087
1071 1199
1071 1327
1071 1583
1072 1073
1072 1074
1072 1076
1072 1080
1072 1136
1072 1200
1072 1328
1072 1584
1073 1077
1073 1585
1074 1075
1074 1138
1074 1202
1074 1330
1074 1586
1075 1079
1075 1587
1076 1077
1076 1078
1076 1204
1076 1332
1077 1079
1077 1085
1077 1141
1077 1205
1077 1589
1078 1206
1078 1334
1078 1590
1079 1087
1079 1143
1079 1207
1079 1335
1079 1591
1080 1082
1080 1208
1080 1336
1080 1592
1081 1145
1081 1209
1081 1593
1082 1083
1082 1210
1082 1338
1082 1594
1083 1087
1083 1211
1083 1595
1084 1086
1084 1212
1085 1087
1085 1149
1085 1213
1085 1597
1086 1087
1086 1150
1086 1214
1086 1342
1086 1598
1087 1151
1087 1215
1087 1343
1088 1089
1088 1090
1088 1096
1088 1104
1089 1091
1089 1093
1089 1105
1089 1121
1089 1217
1089 1345
1089 1601
1090 1091
1090 1098
1090 1106
1090 1122
1090 1218
1090 1346
1090 1602
1091 1099
1091 1107
1091 1123
1091 1219
1092 1093
1092 1094
1092 1100
1092 1124
1092 1220
1093 1095
1093 1101
1093 1109
1093 1125
1093 1349
1093 1605
1094 1095
1094 1102
1094 1110
1094 1126
1094 1222
1094 1350
1094 1606
1095 1607
1096 1097
1096 1098
1096 1100
1096 1112
1096 1224
1097 1099
1097 1101
1097 1113
1097 1129
1097 1225
1097 1353
1097 1609
1098 1099
1098 1102
1098 1114
1098 1130
1098 1226
1098 1354
1098 1610
1099 1103
1099 1115
1099 1131
1099 1355
1100 1101
1100 1102
1100 1132
1101 1103
1101 1133
1102 1103
1102 1118
1102 1134
1102 1230
1102 1358
1103 1119
1103 1135
1103 1231
1103 1359
1103 1615
1104 1105
1104 1106
1104 1108
1104 1112
1104 1136
1104 1360
1104 1616
1105 1109
1105 1137
1106 1234
1106 1618
1107 1235
1107 1619
1108 1109
1109 1111
1109 1117
1109 1141
1109 1237
1109 1365
1109 1621
1110 1111
1110 1142
1110 1238
1110 1622
1111 1143
1112 1114
1112 1116
1112 1624
1113 1625
1114 1115
1114 1118
1114 1146
1114 1242
1114 1370
1114 1626
1116 1244
1116 1628
1117 1149
1118 1119
1118 1246
1118 1630
1119 1151
1119 1631
1120 1121
1120 1122
1120 1124
1120 1128
1120 1248
1120 1376
1121 1125
1122 1378
1123 1131
1123 1635
1124 1125
1124 1126
1124 1132
1124 1140
1124 1252
1124 1380
1124 1636
1125 1133
1125 1253
1125 1381
1126 1134
1126 1142
1126 1254
1126 1638
1127 1135
1128 1129
1128 1132
1128 1384
1129 1145
1129 1641
1130 1131
1130 1134
1130 1146
1130 1642
1131 1135
1131 1259
1131 1387
1132 1133
1132 1148
1132 1260
1132 1388
1132 1644
1133 1135
1134 1135
1134 1150
1134 1262
1134 1390
1134 1646
1135 1151
1135 1263
1135 1391
1135 1647
1137 1139
1137 1141
1137 1145
1137 1265
1138 1142
1138 1146
1138 1266
1140 1141
1140 1142
1140 1396
1140 1652
1141 1143
1141 1149
1141 1269
1142 1143
1142 1150
1142 1270
1142 1398
1142 1654
1143 1151
1143 1271
1143 1399
1144 1146
1144 1656
1145 1149
1145 1273
1146 1147
1146 1150
1146 1274
1146 1402
1146 1658
1148 1150
1148 1276
1150 1151
1150 1406
1150 1662
1151 1279
1151 1663
1152 1154
1152 1156
1152 1160
1152 1168
1152 1184
1152 1216
1152 1408
1152 1664
1153 1155
1153 1157
1153 1161
1153 1169
1153 1185
1153 1217
1153 1409
1153 1665
1154 1158
1154 1162
1154 1170
1154 1218
1155 1159
1155 1171
1156 1164
1156 1188
1156 1220
1156 1412
1156 1668
1157 1159
1157 1165
1157 1173
1157 1189
1157 1221
1158 1159
1158 1166
1158 1174
1158 1190
1158 1222
1158 1414
1158 1670
1159 1167
1159 1223
1159 1415
1159 1671
1160 1161
1160 1162
1160 1164
1160 1176
1160 1192
1160 1224
1160 1416
1160 1672
1161 1163
1161 1165
1161 1177
1161 1193
1161 1417
1161 1673
1162 1163
1162 1166
1162 1178
1162 1194
1162 1226
1162 1418
1162 1674
1163 1167
1163 1227
1163 1419
1164 1180
1164 1228
1164 1420
1164 1676
1165 1167
1165 1197
1166 1167
1166 1182
1167 1199
1167 1231
1167 1423
1167 1679
1168 1169
1168 1170
1168 1172
1168 1176
1168 1200
1168 1232
1169 1173
1170 1171
1170 1178
1170 1202
1170 1234
1170 1682
1171 1175
1171 1179
1171 1203
1171 1235
1171 1427
1171 1683
1172 1173
1172 1174
1172 1180
1172 1204
1172 1236
1172 1428
1172 1684
1173 1175
1173 1181
1173 1205
1173 1237
1173 1429
1173 1685
1174 1182
1174 1238
1174 1430
1174 1686
1175 1183
1175 1431
1176 1177
1176 1178
1176 1180
1176 1688
1177 1179
1177 1181
1177 1209
1177 1241
1177 1433
1178 1179
1178 1182
1178 1210
1178 1242
1178 1434
1178 1690
1179 1183
1179 1211
1179 1243
1179 1691
1180 1181
1180 1244
1180 1436
1180 1692
1181 1183
1181 1213
1182 1183
1182 1214
1182 1246
1182 1438
1182 1694
1183 1215
1183 1247
1183 1439
1183 1695
1184 1188
1184 1248
1184 1440
1184 1696
1185 1189
1185 1193
1185 1201
1185 1441
1186 1250
1186 1442
1187 1191
1187 1195
1187 1443
1188 1189
1188 1444
1189 1191
1189 1253
1189 1445
1190 1191
1190 1198
1190 1206
1190 1254
1191 1199
1192 1196
1192 1448
1193 1195
1193 1209
1194 1195
1194 1450
1194 1706
1195 1199
1195 1211
1195 1451
1195 1707
1196 1212
1197 1199
1198 1710
1199 1215
1199 1263
1199 1455
1199 1711
1200 1201
1200 1202
1200 1208
1200 1456
1201 1203
1201 1205
1201 1209
1201 1265
1201 1713
1202 1266
1202 1458
1203 1211
1203 1459
1204 1205
1204 1206
1204 1212
1204 1460
1205 1207
1205 1213
1205 1461
1205 1717
1206 1270
1207 1215
1207 1271
1207 1463
1208 1209
1208 1212
1209 1211
1209 1213
1209 1273
1209 1721
1210 1211
1210 1214
1211 1215
1211 1275
1211 1723
1212 1213
1212 1214
1212 1276
1212 1468
1212 1724
1213 1215
1216 1218
1216 1220
1216 1224
1216 1232
1217 1219
1217 1221
1218 1219
1218 1226
1218 1234
1218 1250
1218 1474
1218 1730
1219 1223
1219 1227
1219 1235
1219 1251
1219 1731
1220 1221
1220 1222
1220 1228
1220 1236
1220 1252
1221 1223
1221 1229
1221 1237
1221 1253
1221 1477
1222 1223
1222 1230
1222 1734
1223 1239
1223 1255
1223 1735
1224 1226
1224 1228
1225 1227
1225 1241
1226 1230
1226 1242
1226 1258
1227 1231
1227 1243
1227 1259
1228 1230
1228 1244
1228 1260
1228 1484
1230 1246
1230 1262
1230 1486
1231 1247
1232 1233
1232 1234
1232 1236
1232 1240
1232 1264
1232 1488
1234 1238
1234 1490
1234 1746
1235 1239
1235 1243
1236 1238
1236 1244
1237 1269
1238 1239
1238 1246
1238 1270
1238 1494
1238 1750
1239 1247
1239 1271
1240 1241
1241 1243
1241 1753
1242 1243
1243 1247
1243 1275
1244 1245
1244 1246
1244 1276
1244 1756
1247 1279
1248 1252
1248 1504
1250 1254
1250 1258
1250 1266
1250 1506
1251 1259
1252 1254
1253 1255
1253 1765
1254 1255
1254 1262
1254 1270
1254 1510
1254 1766
1255 1271
1256 1272
1256 1768
1257 1261
1259 1263
1259 1275
1260 1516
1264 1268
1264 1776
1265 1273
1266 1522
1266 1778
1267 1523
1267 1779
1269 1277
1270 1526
1270 1782
1271 1279
1271 1527
1272 1784
1273 1785
1275 1531
1276 1277
1277 1279
1278 1534
1278 1790
1280 1281
1280 1282
1280 1284
1280 1288
1280 1296
1280 1312
1280 1344
1281 1283
1281 1285
1281 1289
1281 1297
1281 1313
1281 1345
1281 1409
1282 1283
1282 1286
1282 1298
1282 1314
1282 1346
1282 1410
1282 1794
1283 1287
1283 1291
1284 1286
1284 1292
1284 1300
1284 1316
1284 1348
1284 1412
1284 1796
1285 1287
1285 1293
1285 1301
1285 1317
1285 1349
1285 1413
1286 1287
1286 1294
1286 1302
1286 1318
1287 1295
1287 1303
1287 1319
1287 1799
1288 1290
1288 1304
1288 1320
1288 1352
1288 1416
1288 1800
1289 1291
1289 1293
1289 1305
1289 1321
1289 1353
1289 1417
1289 1801
1290 1291
1290 1294
1290 1306
1290 1322
1290 1354
1290 1418
1290 1802
1291 1295
1291 1307
1291 1323
1291 1355
1291 1419
1291 1803
1292 1293
1292 1294
1292 1308
1292 1324
1292 1356
1292 1420
1292 1804
1293 1295
1293 1325
1293 1805
1294 1295
1294 1326
1295 1311
1295 1327
1295 1423
1295 1807
1296 1297
1296 1298
1296 1300
1296 1304
1296 1328
1296 1360
1296 1424
1297 1299
1297 1301
1297 1305
1297 1329
1297 1425
1297 1809
1298 1299
1298 1302
1298 1306
1298 1330
1298 1426
1298 1810
1299 1307
1299 1331
1299 1427
1299 1811
1300 1301
1300 1302
1300 1308
1301 1303
1301 1309
1301 1333
1301 1365
1301 1429
1301 1813
1302 1303
1302 1310
1302 1334
1302 1366
1302 1430
1303 1311
1303 1335
1303 1367
1303 1431
1303 1815
1304 1305
1304 1306
1305 1307
1305 1309
1305 1433
1306 1307
1306 1310
1306 1338
1306 1818
1307 1339
1307 1371
1307 1435
1308 1309
1308 1310
1308 1436
1308 1820
1309 1341
1309 1437
1310 1311
1310 1342
1310 1374
1310 1438
1311 1439
1312 1313
1312 1314
1312 1316
1312 1320
1312 1328
1312 1376
1312 1824
1313 1315
1313 1321
1313 1329
1313 1377
1313 1441
1313 1825
1314 1315
1314 1322
1314 1330
1314 1378
1314 1442
1314 1826
1315 1319
1315 1323
1315 1443
1316 1317
1316 1318
1316 1324
1316 1332
1316 1380
1316 1444
1317 1319
1317 1325
1317 1333
1317 1381
1317 1445
1317 1829
1318 1319
1318 1326
1318 1334
1318 1382
1318 1446
1318 1830
1319 1383
1319 1447
1320 1321
1320 1322
1320 1324
1320 1384
1320 1448
1320 1832
1321 1323
1322 1323
1322 1326
1322 1338
1322 1386
1322 1450
1322 1834
1323 1327
1323 1339
1323 1387
1323 1835
1324 1325
1324 1340
1324 1388
1324 1452
1324 1836
1325 1327
1325 1837
1326 1327
1326 1342
1326 1390
1326 1454
1326 1838
1327 1343
1327 1391
1327 1455
1328 1332
1328 1392
1329 1331
1329 1333
1329 1841
1330 1331
1330 1338
1330 1394
1332 1333
1332 1460
1333 1335
1333 1341
1333 1397
1333 1461
1333 1845
1334 1342
1335 1343
1335 1463
1335 1847
1336 1338
1336 1848
1337 1401
1338 1339
1338 1342
1338 1402
1338 1466
1338 1850
1339 1467
1340 1341
1340 1342
1340 1852
1341 1343
1342 1343
1343 1471
1344 1345
1344 1376
1345 1349
1345 1361
1346 1354
1346 1378
1347 1379
1348 1349
1348 1350
1348 1356
1348 1476
1349 1351
1349 1357
1349 1365
1349 1381
1349 1477
1349 1861
1350 1358
1350 1478
1351 1359
1351 1383
1351 1863
1352 1354
1352 1384
1353 1355
1354 1370
1355 1359
1355 1387
1356 1372
1356 1484
1357 1373
1357 1485
1358 1359
1358 1390
1359 1391
1360 1392
1361 1363
1362 1363
1362 1370
1362 1394
1363 1367
1364 1876
1366 1367
1366 1374
1366 1398
1366 1494
1367 1399
1368 1372
1369 1401
1370 1371
1370 1374
1372 1373
1372 1374
1374 1886
1375 1887
1376 1377
1376 1380
1376 1384
1376 1392
1376 1504
1376 1888
1378 1379
1378 1382
1378 1386
1378 1394
1378 1506
1378 1890
1379 1383
1379 1395
1380 1382
1380 1388
1380 1396
1381 1397
1381 1509
1382 1390
1382 1510
1383 1391
1384 1386
1384 1388
1384 1512
1384 1896
1385 1401
1386 1390
1386 1402
1386 1898
1387 1391
1387 1515
1388 1390
1389 1405
1389 1517
1390 1391
1390 1406
1390 1902
1392 1394
1392 1520
1393 1401
1393 1521
1394 1398
1394 1402
1396 1397
1396 1398
1396 1908
1397 1399
1398 1399
1398 1406
1398 1526
1398 1910
1399 1527
1400 1528
1401 1405
1402 1406
1404 1532
1405 1533
1407 1535
1408 1412
1408 1424
1408 1440
1409 1413
1409 1425
1409 1441
1410 1411
1410 1414
1410 1426
1410 1442
1410 1474
1411 1427
1412 1414
1412 1420
1412 1428
1412 1444
1412 1476
1413 1415
1413 1421
1413 1429
1413 1445
1413 1477
1413 1925
1414 1478
1414 1926
1415 1423
1415 1479
1416 1418
1416 1448
1417 1419
1417 1449
1418 1450
1418 1930
1419 1423
1419 1435
1419 1451
1419 1483
1420 1452
1421 1423
1421 1437
1421 1453
1421 1485
1422 1423
1422 1438
1423 1439
1423 1455
1423 1487
1424 1425
1424 1426
1424 1428
1424 1432
1424 1456
1424 1488
1424 1936
1425 1433
1425 1937
1426 1427
1426 1490
1427 1435
1427 1459
1428 1436
1428 1460
1429 1437
1429 1461
1429 1941
1430 1438
1430 1494
1431 1439
1432 1464
1433 1435
1433 1437
1433 1465
1434 1435
1434 1438
1434 1466
1435 1439
1435 1467
1435 1947
1436 1438
1436 1948
1437 1439
1439 1471
1439 1951
1440 1441
1440 1442
1440 1444
1440 1448
1440 1456
1440 1504
1440 1952
1441 1445
1441 1449
1441 1953
1442 1446
1442 1450
1442 1458
1443 1451
1443 1955
1444 1445
1444 1446
1444 1460
1444 1956
1446 1454
1446 1510
1446 1958
1447 1455
1447 1959
1448 1450
1448 1512
1449 1451
1449 1465
1449 1513
1450 1451
1450 1466
1450 1514
1450 1962
1451 1455
1451 1467
1451 1515
1451 1963
1452 1454
1452 1516
1452 1964
1454 1455
1455 1471
1455 1519
1455 1967
1456 1458
1457 1461
1457 1969
1458 1522
1458 1970
1459 1467
1459 1971
1460 1468
1462 1470
1462 1974
1463 1471
1463 1527
1463 1975
1465 1467
1466 1467
1467 1471
1467 1531
1467 1979
1469 1533
1470 1982
1472 1488
1472 1504
1472 1984
1473 1481
1473 1985
1474 1478
1474 1986
1475 1483
1476 1477
1476 1478
1477 1509
1478 1479
1478 1486
1478 1510
1478 1990
1479 1495
1480 1992
1481 1993
1482 1498
1483 1487
1483 1515
1483 1995
1488 1520
1490 1494
1492 1494
1492 1500
1493 1501
1494 1495
1494 1502
1494 1526
1494 2006
1496 1497
1497 1499
1501 1503
1504 1505
1504 1506
1504 1520
1505 1509
1506 1510
1506 1514
1507 1515
1508 1524
1509 2021
1510 1518
1510 1526
1511 1519
1511 1527
1517 1533
1521 1523
1521 1529
1522 1530
1523 2035
1524 1525
1524 1532
1529 1533
1532 1534
1534 2046
1535 2047
1536 1537
1536 1538
1536 1540
1536 1552
1536 1568
1536 1600
1536 1664
1536 1792
1537 1539
1537 1541
1537 1545
1537 1553
1537 1665
1538 1542
1538 1546
1538 1570
1538 1602
1538 1666
1538 1794
1539 1543
1539 1547
1539 1571
1539 1603
1539 1667
1539 1795
1540 1541
1540 1556
1540 1604
1540 1796
1541 1557
1541 1573
1541 1605
1541 1669
1541 1797
1542 1543
1543 1559
1544 1545
1544 1546
1544 1548
1544 1560
1544 1576
1544 1608
1544 1672
1544 1800
1545 1547
1545 1549
1545 1561
1545 1609
1545 1801
1546 1547
1546 1550
1546 1562
1546 1578
1546 1610
1546 1674
1546 1802
1547 1551
1547 1563
1547 1611
1547 1675
1547 1803
1548 1549
1548 1550
1548 1564
1548 1676
1548 1804
1549 1551
1549 1581
1549 1613
1549 1677
1549 1805
1550 1551
1550 1566
1550 1582
1551 1567
1551 1583
1551 1679
1551 1807
1552 1553
1552 1556
1552 1584
1552 1616
1552 1680
1552 1808
1553 1555
1553 1561
1553 1585
1553 1617
1553 1681
1553 1809
1554 1558
1555 1559
1555 1563
1555 1587
1555 1619
1555 1683
1555 1811
1556 1557
1556 1564
1556 1684
1556 1812
1557 1559
1557 1565
1557 1589
1557 1621
1557 1685
1557 1813
1560 1562
1560 1564
1560 1592
1560 1624
1560 1688
1560 1816
1561 1563
1561 1565
1561 1593
1561 1625
1561 1689
1561 1817
1562 1563
1562 1566
1562 1594
1562 1690
1562 1818
1563 1567
1563 1595
1563 1691
1564 1565
1564 1566
1564 1596
1564 1628
1564 1692
1565 1567
1565 1597
1565 1629
1565 1693
1565 1821
1566 1567
1566 1598
1566 1630
1566 1694
1567 1631
1567 1695
1567 1823
1568 1569
1568 1572
1568 1576
1568 1584
1568 1632
1568 1696
1568 1824
1569 1573
1569 1585
1569 1825
1570 1571
1570 1574
1570 1578
1570 1586
1570 1634
1570 1698
1570 1826
1571 1575
1571 1587
1571 1635
1572 1574
1572 1580
1573 1575
1573 1589
1573 1637
1573 1701
1573 1829
1574 1575
1574 1582
1574 1590
1574 1638
1574 1702
1575 1583
1575 1591
1575 1639
1575 1703
1575 1831
1576 1578
1576 1832
1577 1705
1578 1579
1578 1594
1578 1642
1578 1706
1578 1834
1579 1583
1579 1643
1579 1707
1579 1835
1580 1581
1580 1582
1580 1596
1580 1708
1580 1836
1581 1583
1581 1645
1581 1837
1582 1583
1582 1598
1582 1646
1582 1710
1582 1838
1584 1585
1584 1586
1584 1712
1584 1840
1585 1589
1585 1593
1585 1649
1585 1713
1585 1841
1586 1587
1586 1590
1586 1594
1586 1650
1586 1714
1586 1842
1587 1591
1587 1595
1587 1651
1587 1715
1587 1843
1588 1716
1589 1591
1589 1597
1589 1717
1589 1845
1590 1598
1590 1654
1591 1599
1591 1847
1592 1594
1592 1596
1592 1656
1592 1720
1592 1848
1593 1597
1593 1849
1594 1595
1594 1598
1594 1850
1596 1598
1597 1599
1597 1661
1599 1727
1600 1601
1600 1616
1601 1605
1601 1609
1601 1617
1602 1610
1602 1618
1602 1730
1602 1858
1603 1607
1603 1619
1603 1635
1604 1605
1604 1620
1604 1860
1605 1607
1605 1613
1605 1621
1605 1637
1605 1861
1606 1607
1606 1638
1607 1615
1607 1623
1607 1639
1607 1735
1607 1863
1608 1609
1608 1624
1609 1611
1609 1613
1609 1625
1609 1641
1610 1626
1610 1642
1611 1615
1612 1614
1612 1628
1612 1644
1613 1615
1614 1615
1614 1630
1614 1646
1615 1631
1615 1647
1615 1743
1615 1871
1616 1617
1616 1618
1616 1620
1616 1624
1616 1648
1616 1872
1617 1625
1617 1649
1617 1745
1617 1873
1618 1619
1618 1622
1618 1626
1618 1650
1618 1746
1618 1874
1619 1627
1619 1651
1619 1747
1619 1875
1620 1621
1620 1628
1620 1652
1621 1653
1622 1630
1622 1654
1623 1631
1623 1655
1624 1626
1624 1628
1624 1656
1624 1752
1624 1880
1625 1627
1625 1629
1625 1657
1625 1753
1625 1881
1626 1627
1626 1630
1626 1658
1626 1754
1626 1882
1627 1631
1628 1629
1628 1660
1628 1756
1628 1884
1629 1631
1629 1661
1630 1631
1630 1662
1630 1758
1630 1886
1633 1635
1634 1638
1634 1642
1634 1650
1635 1643
1635 1651
1635 1763
1636 1638
1636 1644
1636 1652
1637 1639
1637 1765
1638 1639
1638 1646
1638 1766
1638 1894
1639 1647
1639 1655
1639 1767
1640 1642
1640 1656
1640 1768
1640 1896
1641 1643
1641 1657
1641 1769
1641 1897
1642 1643
1642 1658
1642 1770
1642 1898
1644 1646
1645 1647
1646 1647
1646 1662
1646 1774
1646 1902
1647 1663
1648 1776
1649 1657
1650 1654
1652 1654
1652 1780
1652 1908
1654 1655
1654 1662
1654 1782
1654 1910
1656 1784
1656 1912
1657 1661
1657 1785
1658 1662
1664 1665
1664 1666
1664 1668
1664 1672
1664 1680
1664 1696
1665 1669
1665 1681
1666 1674
1666 1682
1666 1730
1667 1671
1667 1675
1667 1683
1667 1699
1667 1731
1668 1669
1668 1670
1668 1676
1668 1684
1668 1924
1669 1677
1669 1685
1669 1701
1669 1925
1670 1671
1671 1679
1671 1687
1671 1703
1671 1735
1671 1927
1672 1688
1673 1677
1673 1689
1675 1679
1675 1691
1675 1707
1676 1677
1676 1678
1676 1692
1677 1693
1677 1933
1678 1679
1678 1694
1679 1743
1679 1935
1680 1681
1680 1684
1680 1688
1680 1712
1680 1936
1681 1745
1682 1683
1682 1686
1682 1690
1682 1714
1682 1746
1682 1938
1683 1687
1683 1691
1684 1686
1684 1692
1685 1687
1685 1693
1685 1717
1685 1941
1686 1694
1687 1695
1688 1689
1688 1690
1688 1720
1688 1752
1688 1944
1689 1691
1689 1693
1689 1753
1689 1945
1690 1691
1690 1694
1691 1695
1691 1947
1692 1693
1692 1694
1692 1724
1692 1756
1692 1948
1693 1695
1693 1949
1694 1758
1695 1727
1695 1951
1696 1704
1696 1952
1697 1761
1697 1953
1698 1702
1700 1764
1701 1765
1702 1710
1702 1766
1702 1958
1703 1767
1704 1706
1704 1768
1704 1960
1705 1961
1706 1962
1707 1963
1708 1724
1708 1772
1708 1964
1709 1725
1711 1727
1712 1776
1712 1968
1713 1969
1714 1778
1714 1970
1715 1971
1716 1972
1718 1726
1718 1974
1719 1783
1720 1784
1721 1785
1722 1978
1723 1727
1723 1787
1723 1979
1724 1788
1726 1982
1728 1730
1728 1744
1728 1984
1729 1733
1729 1737
1729 1985
1730 1731
1730 1734
1730 1738
1730 1762
1730 1986
1731 1735
1732 1733
1733 1741
1733 1749
1733 1989
1734 1735
1734 1742
1734 1766
1734 1990
1735 1743
1735 1751
1735 1767
1735 1991
1736 1737
1736 1740
1737 1739
1737 1993
1738 1742
1744 1745
1744 1748
1744 1752
1744 2000
1746 1747
1746 1750
1746 1754
1746 1778
1746 2002
1750 1751
1752 1784
1753 1785
1755 1759
1756 1788
1757 1789
1760 1768
1760 1776
1761 1765
1762 1766
1762 1770
1764 1765
1764 1780
1764 2020
1765 1767
1765 1773
1765 1781
1765 2021
1766 1774
1766 1782
1766 2022
1768 1769
1768 1770
1768 1772
1768 1784
1768 2024
1769 1785
1770 1774
1771 1787
1772 1773
1772 1788
1775 1791
1776 1777
1776 1778
1776 1780
1776 1784
1776 2032
1777 1785
1778 1782
1779 2035
1780 1781
1780 1788
1784 1786
1784 1788
1784 2040
1785 1787
1785 1789
1785 2041
1788 1789
1790 2046
1791 2047
1792 1796
1792 1800
1792 1808
1792 1824
1793 1797
1793 1809
1793 1825
1794 1798
1794 1802
1794 1810
1795 1799
1795 1827
1796 1797
1796 1804
1796 1812
1796 1860
1796 1924
1797 1805
1797 1813
1797 1829
1797 1861
1797 1925
1798 1799
1799 1807
1799 1815
1799 1831
1799 1863
1799 1927
1800 1801
1800 1802
1800 1804
1800 1816
1800 1832
1800 1864
1801 1805
1801 1817
1802 1806
1802 1834
1803 1835
1804 1806
1804 1820
1804 1836
1804 1868
1804 1932
1805 1807
1805 1821
1805 1837
1805 1869
1805 1933
1806 1838
1807 1935
1808 1809
1808 1812
1808 1816
1808 1840
1808 1872
1808 1936
1809 1811
1809 1873
1809 1937
1810 1811
1810 1814
1810 1818
1810 1842
1810 1874
1810 1938
1811 1815
1812 1813
1813 1821
1814 1815
1815 1823
1816 1848
1816 1944
1817 1849
1818 1822
1818 1850
1819 1851
1820 1822
1820 1884
1820 1948
1822 1823
1822 1886
1823 1951
1824 1832
1825 1827
1825 1833
1825 1889
1825 1953
1826 1890
1827 1835
1827 1843
1827 1955
1828 1892
1829 1845
1830 1838
1832 1833
1832 1834
1832 1836
1832 1896
1832 1960
1833 1849
1833 1897
1834 1838
1834 1962
1835 1963
1836 1837
1836 1838
1836 1900
1836 1964
1837 1901
1839 1903
1840 1841
1840 1842
1840 1848
1841 1843
1841 1845
1841 1849
1841 1969
1842 1970
1843 1971
1844 1852
1846 1854
1846 1974
1847 1975
1848 1849
1848 1850
1848 1852
1848 1912
1848 1976
1853 1917
1854 1982
1856 1860
1856 1984
1857 1859
1857 1865
1857 1985
1859 1867
1860 1988
1862 1870
1863 1991
1864 1880
1864 1992
1865 1867
1865 1993
1866 1994
1874 1878
1874 1882
1877 2005
1878 1879
1878 1886
1878 1910
1878 2006
1880 1884
1885 1917
1889 1897
1891 1899
1893 1909
1894 1902
1895 1903
1896 1897
1898 1902
1900 1902
1905 1909
1906 1914
1907 2035
1908 1910
1910 1911
1913 1915
1916 1917
1917 2045
1918 2046
1919 2047
1920 1924
1920 1936
1920 1984
1921 1923
1921 1985
1922 1986
1924 1925
1924 1926
1924 1932
1924 1940
1924 1956
1924 1988
1925 1927
1925 1933
1926 1934
1927 1935
1927 1991
1928 1929
1929 1993
1930 1934
1930 1946
1930 1994
1931 1935
1933 1935
1934 1935
1935 1951
1935 1967
1935 1999
1936 1937
1936 1944
1936 1968
1936 2000
1937 1941
1937 1945
1937 1969
1938 1946
1939 1971
1941 2005
1942 1943
1944 1945
1944 1946
1944 1948
1945 1977
1946 2010
1949 2013
1950 1982
1952 1956
1952 1968
1953 1969
1954 2018
1955 1959
1955 1971
1956 1964
1957 1973
1959 1975
1963 1967
1965 2029
1966 1982
1968 1970
1968 1976
1969 1971
1970 1971
1971 1975
1971 1979
1974 1982
1977 2041
1978 1982
1980 1981
1980 1982
1981 2045
1982 1983
1983 2047
1984 1986
1984 1988
1984 1992
1984 2000
1984 2016
1985 1987
1985 1989
1985 1993
1985 2001
1985 2017
1986 1990
1986 1994
1988 2020
1992 2008
1992 2024
1993 1997
1993 2009
1993 2025
1994 1995
1994 1998
1996 1997
2003 2007
2003 2035
2004 2012
2005 2013
2007 2039
2009 2011
2014 2046
2015 2047
2019 2035
2020 2021
2020 2022
2020 2028
2020 2036
2023 2039
2024 2028
2025 2027
2030 2046
2031 2047
2032 2036
2033 2035
2034 2035
2035 2039
2035 2043
2038 2046
2039 2047
2042 2046
2043 2047
2044 2046
2045 2047
